1.0
0.9918893575668335
0.9905467629432678
0.9900543689727783
0.989732563495636
0.9893121719360352
0.9884825944900513
0.9879425168037415
0.9877793788909912
0.9874996542930603
0.9869349598884583
0.9866099953651428
0.9859336614608765
0.9852952361106873
0.9848393201828003
0.9838336110115051
0.9836016893386841
0.9826896786689758
0.980742335319519
0.9805243611335754
0.9804502129554749
0.9799924492835999
0.979735791683197
0.9792460799217224
0.9790148138999939
0.9789164066314697
0.9782228469848633
0.97775799036026
0.9774050712585449
0.9772374033927917
0.9766663908958435
0.976439893245697
0.9756474494934082
0.9755890965461731
0.9755501747131348
0.9750545024871826
0.9747928380966187
0.9746567606925964
0.9745145440101624
0.9743199348449707
0.9741483926773071
0.974148154258728
0.9739588499069214
0.9735162854194641
0.9734867215156555
0.9731574058532715
0.9725955724716187
0.9723121523857117
0.9721941947937012
0.9720495939254761
0.9718892574310303
0.9718881249427795
0.9713790416717529
0.9713758826255798
0.971206545829773
0.9710398316383362
0.970969021320343
0.9708945751190186
0.9707421660423279
0.9704471826553345
0.9701237082481384
0.9698090553283691
0.9696744680404663
0.9692500233650208
0.969000518321991
0.9685376286506653
0.9684663414955139
0.9681455492973328
0.9680720567703247
0.9678899049758911
0.9677363038063049
0.9676244258880615
0.9676120281219482
0.9675908088684082
0.967530369758606
0.9666780829429626
0.9664241075515747
0.9662582278251648
0.9658678770065308
0.9654996395111084
0.9653692841529846
0.9652906060218811
0.9652540683746338
0.9645441770553589
0.9644032716751099
0.9642981290817261
0.9642762541770935
0.9641166925430298
0.9639521241188049
0.9634204506874084
0.9632834196090698
0.9629021286964417
0.962609052658081
0.9619865417480469
0.961823046207428
0.961720883846283
0.9615710377693176
0.9614114165306091
0.9613072872161865
0.9612730145454407
0.9612416625022888
0.9612334966659546
0.9612264633178711
0.9609463214874268
0.960776150226593
0.960492730140686
0.9603345394134521
0.9603070616722107
0.959654688835144
0.9593474268913269
0.9593067765235901
0.9591264128684998
0.9588373303413391
0.958809494972229
0.9588015079498291
0.9587903022766113
0.9587187767028809
0.9586374759674072
0.9586289525032043
0.9584976434707642
0.9583302140235901
0.9582591652870178
0.9580360054969788
0.9578671455383301
0.957750678062439
0.9572864770889282
0.9572784304618835
0.9571431875228882
0.9571152329444885
0.9571025371551514
0.9569905400276184
0.9566519260406494
0.9566273093223572
0.956594705581665
0.9565938115119934
0.9565072059631348
0.9563425183296204
0.9561759829521179
0.9560052156448364
0.9559125304222107
0.9559051394462585
0.9558650851249695
0.9557977914810181
0.9557522535324097
0.9557361006736755
0.9556306004524231
0.955597460269928
0.9554619193077087
0.9553382992744446
0.9552335739135742
0.9550279974937439
0.9549698829650879
0.9542081952095032
0.9541900753974915
0.95418781042099
0.9541832208633423
0.9541332125663757
0.9534372091293335
0.9534053802490234
0.9533843994140625
0.9532606601715088
0.9530398845672607
0.9528698921203613
0.952844500541687
0.952787458896637
0.9527505040168762
0.9527431130409241
0.9524717926979065
0.9523485898971558
0.9522960782051086
0.9522160291671753
0.9521923065185547
0.9521589279174805
0.9518390893936157
0.9518008828163147
0.9516250491142273
0.9514687657356262
0.9514480233192444
0.9513554573059082
0.9513469338417053
0.9512844085693359
0.9511451721191406
0.9511137008666992
0.9511101841926575
0.9510349631309509
0.9509130120277405
0.9508363604545593
0.950446605682373
0.9503206014633179
0.9502937197685242
0.950253427028656
0.9502320885658264
0.9501773715019226
0.9501168131828308
0.9501045346260071
