1.0
0.9947177171707153
0.9934126734733582
0.9899733662605286
0.9856480956077576
0.9841009378433228
0.9833984375
0.975127100944519
0.9739267230033875
0.972317636013031
0.971331000328064
0.9711760878562927
0.9702659249305725
0.9699657559394836
0.9621903896331787
0.9608332514762878
0.9584605693817139
0.9553495645523071
0.9553209543228149
0.9517269134521484
0.9497467875480652
0.948315441608429
0.9475783705711365
0.9458844661712646
0.9448564648628235
0.9427381753921509
0.9421761631965637
0.9381721019744873
0.938170313835144
0.9363245368003845
0.936006486415863
0.9350650310516357
0.9343505501747131
0.9337213039398193
0.9335929751396179
0.9332129955291748
0.9322522282600403
0.9316946864128113
0.9310571551322937
0.9303146004676819
0.9300254583358765
0.929637610912323
0.9296228289604187
0.9290539026260376
0.9285342693328857
0.9284874200820923
0.9283767342567444
0.9282832145690918
0.9279172420501709
0.9273696541786194
0.9258944988250732
0.9258263111114502
0.9254255890846252
0.9253557920455933
0.9230901002883911
0.9229243397712708
0.9222447276115417
0.9219853281974792
0.9219720363616943
0.9205726981163025
0.9203236103057861
0.91849684715271
0.9169121384620667
0.9168705940246582
0.9164767861366272
0.9157383441925049
0.9155967831611633
0.9154075980186462
0.9149375557899475
0.9144766330718994
0.9144023656845093
0.914196789264679
0.9137132167816162
0.9134868383407593
0.912900984287262
0.9121683835983276
0.9121426939964294
0.9112687110900879
0.9102523922920227
0.9101290702819824
0.9098612070083618
0.9091179966926575
0.9090216755867004
0.9089049696922302
0.9088718891143799
0.9087245464324951
0.9085373282432556
0.9082944393157959
0.9081584215164185
0.9079629778862
0.9073849320411682
0.9073588848114014
0.9072244763374329
0.9068195819854736
0.9065786600112915
0.9062471985816956
0.905779242515564
0.9054445028305054
0.9052894711494446
0.9052137136459351
0.9050912857055664
0.9048392176628113
0.9046746492385864
0.9044541716575623
0.9041611552238464
0.9038819670677185
0.9038584232330322
0.9031952619552612
0.9031816124916077
0.9030823707580566
0.9030396938323975
0.9029908776283264
0.9025152325630188
0.9024228453636169
0.9023337960243225
0.9022660851478577
0.902165412902832
0.9017546772956848
0.9015971422195435
0.9011255502700806
0.9009561538696289
0.9006454944610596
0.900200605392456
0.9000299572944641
0.8997962474822998
0.8995757699012756
0.8995544910430908
0.8993410468101501
0.8991314768791199
0.8989682793617249
0.8989606499671936
0.8985443711280823
0.8984633684158325
0.8984066843986511
0.8975625038146973
0.8973573446273804
0.8969350457191467
0.8969224691390991
0.8965252637863159
0.8960630893707275
0.8957220911979675
0.8953149914741516
0.8952779173851013
0.8951731324195862
0.8951504826545715
0.8951430320739746
0.8950994610786438
0.8948323130607605
0.8947826623916626
0.8945147395133972
0.8943564295768738
0.8942981958389282
0.8942272067070007
0.892955482006073
0.8929362893104553
0.8927037715911865
0.8923723697662354
0.8923463225364685
0.892129123210907
0.892000675201416
0.8918572664260864
0.8915839195251465
0.8915402889251709
0.8915395140647888
0.8912702798843384
0.8912165760993958
0.8911628723144531
0.8910952806472778
0.8909810781478882
0.8908319473266602
0.8906643390655518
0.8906249403953552
0.8904088139533997
0.8900388479232788
0.8899915218353271
0.8896869421005249
0.8895811438560486
0.8895143866539001
0.8894890546798706
0.8893958926200867
0.8893551230430603
0.8891911506652832
0.8891780972480774
0.8888593912124634
0.888808012008667
0.8887661099433899
0.8885563015937805
0.8884209394454956
0.8883804082870483
0.8881073594093323
0.8879005908966064
0.8872339725494385
0.8870360851287842
0.8870164752006531
0.8869406580924988
0.8866561651229858
0.8865519762039185
0.886239767074585
0.8860925436019897
0.88591468334198
0.8855035901069641
0.8852419257164001
0.8843266367912292
0.8842934370040894
0.8842559456825256
0.884144127368927
0.8839231729507446
0.8838226199150085
0.8837863206863403
0.8834165930747986
0.8834089040756226
0.8833519220352173
0.8828960657119751
0.8826926350593567
0.8826588988304138
0.8823951482772827
0.8823872208595276
0.8823841214179993
0.8822579979896545
0.8819762468338013
0.8819732666015625
0.8819535374641418
0.8819234371185303
0.881910502910614
0.8819026350975037
0.8817394375801086
0.8816308975219727
0.8814852237701416
0.881430983543396
0.8813251852989197
0.8811488151550293
0.8806847333908081
0.880641758441925
0.8805744647979736
0.8805581331253052
0.8803896307945251
0.8800739049911499
0.8800557255744934
0.8799328207969666
0.8798704147338867
0.8798585534095764
0.8796747922897339
0.8793660402297974
0.8792592287063599
0.8792015314102173
0.8791195154190063
0.8789326548576355
0.8787305355072021
0.8785784244537354
0.878387451171875
0.8783681392669678
0.8782996535301208
0.878282904624939
0.8781405687332153
0.878104031085968
0.8779788613319397
0.8779289126396179
0.8777604103088379
0.8777572512626648
0.8777523636817932
0.8777464032173157
0.8773573637008667
0.8770478367805481
0.8770092725753784
0.8764115571975708
0.8763391971588135
0.8763360381126404
0.8757672905921936
0.8755092024803162
0.875440239906311
0.8753165006637573
0.8752717971801758
0.8750671744346619
0.874936580657959
0.8749290108680725
0.8749104142189026
0.8748382925987244
0.8747718334197998
0.8747624754905701
0.8744404911994934
0.8743346333503723
0.8742220997810364
0.8741680979728699
0.8740556240081787
0.8739827871322632
0.8739755153656006
0.8738966584205627
0.8738946318626404
0.8738518357276917
0.8737261891365051
0.8736435174942017
0.8733125925064087
0.8731797337532043
0.8730705380439758
0.8730500340461731
0.8730118870735168
0.872637152671814
0.8726122975349426
0.872455894947052
0.8723676204681396
0.8723520040512085
0.8723176717758179
0.8721736669540405
0.8720957636833191
0.8720632195472717
0.8719995617866516
0.8718435168266296
0.8717145919799805
0.871590793132782
0.8715083003044128
0.8712548613548279
0.8710367679595947
0.8710260391235352
0.8710079789161682
0.8709145784378052
0.8708964586257935
0.8708052635192871
0.8707568645477295
0.8706392645835876
0.8706188201904297
0.8705964684486389
0.8705857396125793
0.8704841732978821
0.8702610731124878
0.8701979517936707
0.8699908256530762
0.8699097633361816
0.8698787689208984
0.8693346977233887
0.8692734241485596
0.8692282438278198
0.8692280054092407
0.8690561652183533
0.8688838481903076
0.8687928915023804
0.8684589266777039
0.8682910203933716
0.8682154417037964
0.86782306432724
0.867685854434967
0.8676260709762573
0.8675685524940491
0.8675557971000671
0.8671452403068542
0.8670818209648132
0.8669199347496033
0.8669024109840393
0.8668060898780823
0.8667179942131042
0.8666955232620239
0.8666676878929138
0.8666170835494995
0.8665558099746704
0.8664570450782776
0.8663918375968933
0.8661316633224487
0.8660579919815063
0.8660262823104858
0.8656981587409973
0.8655666708946228
0.8655420541763306
0.865541398525238
0.8654621243476868
0.8654038906097412
0.8653033375740051
0.8651151657104492
0.8650538921356201
0.8648775219917297
0.8648539185523987
0.864734947681427
0.8645437359809875
0.8644238114356995
0.8643988370895386
0.8643916845321655
0.8642962574958801
0.863983154296875
0.8639489412307739
0.8638715147972107
0.8638322949409485
0.863581120967865
0.8632047176361084
0.8631953597068787
0.8630776405334473
0.8629102110862732
0.8626936674118042
0.8625264763832092
0.8623315691947937
0.8622398376464844
0.8621499538421631
0.8620171546936035
0.8618416786193848
0.8618070483207703
0.8616833090782166
0.8615148067474365
0.861305832862854
0.8609938025474548
0.8609785437583923
0.8609675765037537
0.8609102368354797
0.8607885837554932
0.8606449961662292
0.8606259822845459
0.8603808283805847
0.8603246808052063
0.8602957725524902
0.8602170348167419
0.860012412071228
0.8598989844322205
0.8598495125770569
0.8595656752586365
0.8595377206802368
0.8595122694969177
0.8595118522644043
0.8594646453857422
0.8594427704811096
0.8592396974563599
0.8591083288192749
0.8590915203094482
0.8590531349182129
0.8590047359466553
0.8589071035385132
0.8588609099388123
0.8588472604751587
0.8586321473121643
0.8584872484207153
0.858457624912262
0.8582755923271179
0.8582461476325989
0.8580750226974487
0.8580536842346191
0.8575313687324524
0.8574890494346619
0.8574610352516174
0.8574390411376953
0.8573514819145203
0.8573315143585205
0.8571866154670715
0.8571711778640747
0.8570883870124817
0.8569574356079102
0.8569083213806152
0.8566410541534424
0.856623649597168
0.8566169738769531
0.8566169142723083
0.8565397262573242
0.8560566306114197
0.8559499382972717
0.8559239506721497
0.8558440208435059
0.855795681476593
0.8557680249214172
0.8557360768318176
0.8556439280509949
0.8555333018302917
0.8555268049240112
0.8555242419242859
0.8553746342658997
0.8553562760353088
0.8552877306938171
0.8551687002182007
0.8549649119377136
0.8549325466156006
0.854861855506897
0.8546997904777527
0.8546937108039856
0.8545038104057312
0.8544885516166687
0.8544371724128723
0.8543577194213867
0.8540014624595642
0.8539718389511108
0.8539479970932007
0.8539156913757324
0.8538979887962341
0.8538755774497986
0.8538123369216919
0.8536437749862671
0.8535744547843933
0.8535208702087402
0.8534631133079529
0.8534122109413147
0.8533493280410767
0.8533167243003845
0.8532260060310364
0.8530903458595276
0.8529911041259766
0.8529787659645081
0.8529338836669922
0.8529018759727478
0.8528098464012146
0.852728009223938
0.8526840209960938
0.852304220199585
0.8522837162017822
0.8522717356681824
0.8522019386291504
0.8521776795387268
0.8521755933761597
0.8521167039871216
0.8520472645759583
0.8518955707550049
0.8518543839454651
0.8517999649047852
0.8516921997070312
0.8516318202018738
0.8515535593032837
0.8515476584434509
0.8514983057975769
0.8514960408210754
0.8514454364776611
0.851373553276062
0.851370632648468
0.8513517379760742
0.8512238264083862
0.8511757850646973
0.8509780764579773
0.8508920669555664
0.8505058884620667
0.8504989147186279
0.8504310250282288
0.8502733111381531
0.8502095937728882
0.8500674962997437
0.8500292897224426
0.8500070571899414
